년도,시도,범죄소계,절도,장물,사기,횡령,배임,손괴,살인,강도,방화,성폭력,폭행,상해,협박,공갈,약취와 유인,체포와 감금,폭력행위등(손괴강요주거침입등),폭력행위등(단체등의구성 활동),통화,유가증권·인지·우표,문서,인장,직무유기,직권남용,수뢰,증뢰,도박과 복표,신앙,기타음란행위,권리행사방해,신용업무경매,주거침입,비밀침해,유기,교통방해,공무방해,도주와범인은닉,위증과 증거인멸
2014,서울,389353,59541,608,57720,10173,1632,11774,160,350,309,8681,39206,10573,1836,1504,40,237,317,270,1433,193,4089,113,200,166,130,44,1221,43,395,1180,5370,1924,18,60,620,3635,93,929
2014,부산,147945,22047,1057,20325,2806,511,3824,71,132,107,2341,8600,6754,753,1091,11,77,90,101,69,21,1681,59,50,45,57,22,647,6,126,301,1854,651,10,7,52,1145,40,295
2014,대구,103469,14623,249,10869,1280,202,3114,34,68,81,1570,5805,3733,397,538,8,52,113,59,71,19,928,28,51,69,13,6,553,2,67,179,958,371,8,2,26,768,26,199
2014,인천,103861,9728,272,13087,2338,304,3266,56,115,112,1675,9282,3149,436,442,12,86,111,66,138,27,1255,37,52,50,22,9,294,1,109,340,1269,384,2,4,46,1003,56,175
2014,광주,71182,10432,225,7918,1365,239,2022,21,53,43,1048,6033,1591,260,231,9,37,88,24,40,8,596,11,47,57,26,28,239,2,72,125,735,238,3,4,35,277,19,146
2014,대전,50232,11494,67,7201,1032,114,1611,30,84,41,852,2731,2098,228,142,5,37,56,35,78,5,532,6,61,34,16,12,110,12,60,182,342,175,1,4,10,397,21,119
2014,울산,45490,5796,41,5367,585,137,1457,23,32,34,547,4001,1748,207,166,5,23,23,33,7,4,304,11,26,14,10,4,154,4,67,85,594,214,1,1,29,427,15,53
2014,세종,3717,595,5,459,60,16,70,,1,3,88,89,167,21,7,,5,5,2,2,1,38,1,9,,,,9,1,1,16,30,15,,,3,26,,
2014,경기,442902,55776,571,53703,10021,1181,14204,191,328,370,6083,36987,12178,2106,1422,50,312,576,218,591,95,3847,119,156,139,109,69,1488,53,552,1374,5411,2026,18,23,304,3309,96,687
2014,강원,58772,6233,15,5948,886,170,2121,25,57,51,707,3835,3138,333,108,7,42,102,26,52,8,450,7,80,57,14,8,236,13,48,161,540,362,2,3,89,542,14,96
2014,충북,55437,8251,48,6090,756,132,2035,35,55,97,652,3629,2293,273,130,2,40,73,56,45,7,460,8,34,20,7,2,520,12,43,246,454,270,1,8,65,447,25,94
2014,충남,77187,11418,34,9862,1456,215,2075,66,81,93,1162,3502,3040,370,261,9,58,119,47,59,11,683,17,39,32,21,9,258,22,50,308,588,349,1,9,83,541,38,120
2014,전북,62694,8938,125,7484,887,137,1548,31,64,55,888,4738,1964,311,247,11,53,64,53,21,10,555,19,29,18,20,12,310,19,37,165,342,217,2,3,45,293,19,85
2014,전남,71866,7891,31,8042,1043,185,1733,48,39,74,776,4915,2666,424,157,21,59,130,59,31,7,537,23,121,36,28,15,347,32,38,140,620,359,3,12,92,439,24,106
2014,경북,95509,11790,110,11353,1298,190,2770,56,55,88,1063,4358,4296,441,253,8,61,131,66,76,10,567,22,39,37,15,12,485,26,81,199,834,430,2,3,82,701,26,98
2014,경남,121986,17250,192,15432,2258,346,3304,73,79,108,1364,6549,5354,563,355,6,72,103,60,38,9,1185,42,63,46,32,14,462,16,72,292,1080,477,1,12,103,1074,36,214
2014,제주,32233,4981,18,3148,402,108,1266,18,25,41,366,2365,1098,246,108,2,14,39,37,19,2,220,5,15,13,10,4,115,4,46,45,618,256,,2,29,440,9,31
2015,서울,386488,55463,542,56467,13869,1589,11773,166,279,311,9665,39821,9436,2669,937,45,240,501,221,800,150,4027,138,188,230,201,101,1319,18,512,1476,5918,2339,17,26,502,3412,128,988
2015,부산,156472,20215,931,21255,3143,466,3660,63,169,115,1902,9576,5830,937,799,8,103,140,91,73,12,1677,45,101,75,71,49,1038,10,111,366,2389,682,6,9,46,1125,61,348
2015,대구,107728,12790,265,12180,1874,213,3026,41,61,86,1428,7088,3410,626,485,7,50,88,54,84,9,953,46,35,41,23,24,496,6,79,268,1028,545,5,6,67,807,50,297
2015,인천,110230,10694,174,13752,2869,239,3374,56,106,90,2020,10636,2891,670,314,13,102,125,53,118,25,1011,51,100,55,56,29,337,3,111,481,1467,490,3,8,36,801,26,149
2015,광주,67136,8455,121,8122,1491,191,1797,18,45,48,1007,5706,1535,381,146,5,38,41,20,31,6,637,13,29,30,19,16,194,3,56,182,734,260,2,1,29,295,15,179
2015,대전,52193,9565,54,7570,1258,106,1818,25,65,41,887,4404,2021,422,141,4,47,55,26,74,6,538,13,43,40,18,13,110,3,115,223,461,245,,2,15,450,21,117
2015,울산,34213,3485,22,3480,483,111,975,20,9,26,316,2714,1085,172,71,1,17,35,27,10,2,217,17,10,13,22,11,92,2,50,72,309,164,1,2,27,227,3,19
2015,세종,3897,647,4,569,127,14,91,3,,5,67,153,159,42,7,1,5,4,1,1,1,36,,16,2,1,,7,6,11,20,24,27,,2,5,27,,4
2015,경기,472930,52091,642,58429,13105,1286,14660,228,313,424,6791,41605,11857,3823,976,66,308,441,208,400,94,3678,168,168,178,163,109,1702,62,609,1792,6032,2373,23,40,340,3431,124,904
2015,강원,63243,5990,28,6450,1161,151,2090,34,35,49,709,3989,3079,463,98,3,56,101,28,22,9,601,18,37,40,11,16,226,17,34,213,649,395,3,2,81,498,14,105
2015,충북,58288,7582,29,6873,1009,133,1971,35,45,37,741,4085,2237,432,105,5,49,95,67,41,3,547,15,32,23,14,6,237,18,59,219,500,288,1,8,77,406,30,105
2015,충남,82007,10627,51,10357,1692,230,2079,56,51,71,1023,3803,2898,467,245,5,54,98,47,30,15,719,17,56,27,53,24,295,21,80,327,619,368,1,2,117,534,25,130
2015,전북,65686,8513,1087,9021,1004,160,1637,31,47,51,860,4961,2098,438,228,7,61,89,71,11,5,606,13,26,15,19,8,308,16,36,201,460,273,4,1,59,261,19,91
2015,전남,79687,7367,38,8409,1141,220,1924,36,38,72,792,5541,2898,550,151,13,68,107,64,26,5,914,45,87,82,33,20,395,30,63,227,702,372,1,8,97,392,21,129
2015,경북,99762,10869,110,11824,1525,203,2870,47,72,77,954,5311,4251,672,290,3,79,125,39,46,7,685,41,52,49,26,17,447,36,66,328,829,496,3,6,122,647,34,102
2015,경남,144936,17843,157,19381,2465,346,4083,72,104,109,1461,9606,6000,947,316,5,87,131,84,40,4,952,49,60,72,33,29,479,40,106,357,1372,723,3,7,129,1039,36,232
2015,제주,35835,4228,8,3481,579,185,1353,27,33,34,440,2637,1015,396,47,4,19,31,22,16,,204,11,12,20,4,3,141,13,27,63,575,308,,1,41,436,12,48
2016,서울,372730,47005,479,53506,15997,1397,11713,155,265,287,8442,40839,7818,3123,915,38,315,193,22,867,138,3462,174,195,232,156,67,2181,24,597,1670,5995,2588,25,109,782,3096,52,963
2016,부산,144038,16842,474,21031,3138,436,3487,77,139,95,1737,10246,5180,1071,499,19,97,44,16,53,6,1433,40,89,54,60,45,1214,5,135,551,2373,878,10,13,64,1195,52,314
2016,대구,93713,9195,162,10964,2003,224,2872,32,55,68,1202,7657,3143,638,270,8,62,39,4,39,8,743,27,70,61,25,16,956,4,90,329,1031,491,7,2,30,800,28,212
2016,인천,109580,10033,128,13632,3078,286,3671,53,89,83,2132,12241,2553,918,326,11,160,58,19,129,21,889,24,77,89,30,13,474,14,206,688,1582,575,3,13,59,862,17,174
2016,광주,60352,6098,60,7048,1595,181,1561,17,49,38,874,4983,1481,414,174,9,44,22,4,19,6,534,20,48,29,38,16,362,2,66,273,695,233,1,4,22,262,36,125
2016,대전,51696,7031,47,7476,1424,117,1550,25,36,44,808,5322,1625,555,184,4,38,27,3,77,2,494,21,27,28,13,6,408,6,100,323,480,280,2,4,10,490,21,116
2016,울산,29620,2727,27,3099,444,86,921,14,21,23,300,2579,1018,298,61,1,19,11,1,6,1,207,10,11,14,10,4,558,3,28,116,305,158,,4,19,251,5,42
2016,세종,4762,639,4,582,190,11,161,2,4,2,70,392,187,47,35,2,3,,,2,1,39,1,10,3,3,,23,2,7,16,35,27,,2,4,30,,2
2016,경기,523078,44873,377,57997,13179,1108,15015,256,193,334,6886,44073,10620,4348,983,56,362,207,43,408,69,3356,233,191,211,108,58,2510,55,705,2415,6010,2678,28,29,397,3360,93,650
2016,강원,64781,5201,22,6740,1042,147,2216,31,29,46,741,5123,2833,541,123,7,41,45,3,31,7,474,23,46,37,17,5,234,11,43,269,615,489,3,4,104,486,15,90
2016,충북,61758,6146,44,6798,1130,130,2046,32,26,55,780,4632,2025,514,118,1,49,27,16,31,9,497,23,45,25,22,21,312,16,55,333,494,349,2,5,72,499,28,88
2016,충남,78129,8751,34,9777,1545,243,2375,55,47,91,997,4303,2744,669,209,7,61,38,8,38,4,631,30,57,40,25,13,499,25,108,456,714,434,3,3,99,549,22,125
2016,전북,62406,6082,47,10043,1008,169,1583,29,39,44,702,5169,1777,474,96,5,60,33,35,15,3,570,21,31,22,22,11,728,16,42,362,384,264,6,2,52,315,16,101
2016,전남,74753,6244,19,7816,1142,547,1925,37,29,66,808,5744,2436,633,158,10,75,32,7,16,2,512,71,48,40,32,30,377,28,46,278,659,421,2,3,113,408,21,109
2016,경북,96211,9320,51,12440,1573,213,2981,48,50,77,926,5924,3713,748,256,6,77,39,5,31,7,683,24,57,75,15,10,945,26,86,453,842,550,6,6,122,656,20,92
2016,경남,143281,13881,100,18408,2831,409,3920,68,84,99,1406,9650,5528,1079,291,15,97,44,2,33,9,940,42,62,72,50,47,1027,30,144,594,1493,784,4,17,113,1393,31,216
2016,제주,37402,3505,11,3243,750,53,1363,17,26,25,546,3194,1080,374,65,4,19,19,2,16,,207,10,6,8,3,2,276,5,42,65,1037,564,,1,21,478,5,42
2017,서울,352471,41293,411,52904,15932,1418,11037,147,172,221,10149,37696,6634,3025,921,52,317,183,5,1150,138,3277,156,257,345,193,97,1293,44,747,2197,5634,2583,32,174,159,2797,107,995
2017,부산,130148,15892,461,19672,3518,410,3720,64,102,87,2269,10612,4690,1046,453,19,90,49,16,76,7,1028,25,73,76,53,33,2049,13,207,767,1585,823,8,22,52,939,34,276
2017,대구,82281,8324,67,10959,2161,210,2647,48,39,71,1169,7087,3006,715,225,9,81,43,2,41,10,704,36,39,47,22,19,510,2,89,468,917,486,3,7,29,706,23,234
2017,인천,101526,9219,107,12748,2942,228,3470,35,74,80,2472,12002,2322,955,427,16,238,68,10,152,28,834,27,54,74,30,8,307,4,233,900,1527,601,8,13,50,699,18,160
2017,광주,54627,4877,32,6809,1558,97,1484,12,33,35,876,5054,1338,376,148,5,46,14,7,27,7,403,14,77,41,36,24,225,4,88,396,569,267,2,4,23,208,12,130
2017,대전,50357,6282,39,6963,1403,128,1476,22,43,39,987,5425,1282,526,129,6,52,20,1,98,8,511,12,73,54,20,10,162,4,123,425,503,327,3,5,23,379,25,118
2017,울산,26558,2342,16,3345,472,112,885,16,12,25,295,2321,958,249,52,4,18,6,2,10,2,207,5,20,16,22,10,180,3,34,154,272,164,2,4,21,188,27,48
2017,세종,5023,583,2,790,253,17,170,6,3,3,136,297,166,52,22,,6,1,,9,,50,,12,6,,,15,1,8,45,41,37,,,8,37,2,6
2017,경기,459893,41511,306,56356,13417,1166,14536,186,213,300,7140,42433,9158,4380,1228,57,383,195,31,761,68,3234,146,252,294,148,69,1480,63,911,2875,6075,2822,31,38,342,2713,110,755
2017,강원,58900,5278,20,6087,1005,123,2053,33,27,55,757,5099,2485,476,129,1,54,32,8,117,4,430,62,46,42,17,9,209,10,61,396,622,513,1,3,100,493,22,96
2017,충북,56944,5569,18,7267,1149,142,1836,37,30,45,864,4071,1716,493,140,5,67,33,12,85,5,530,15,37,26,24,12,173,10,54,462,607,374,3,5,61,361,11,82
2017,충남,73772,8108,26,9542,1653,234,2420,50,33,86,1033,4996,2509,628,170,6,77,47,3,108,11,583,30,49,39,12,3,262,24,107,649,667,463,1,4,103,522,32,115
2017,전북,57238,5447,191,8345,1080,160,1543,25,28,55,739,4972,1706,488,131,4,64,20,27,34,3,482,104,30,31,38,20,249,13,40,491,397,289,5,4,56,263,18,139
2017,전남,64618,5228,20,7008,1046,170,1817,38,21,76,837,5317,2266,571,141,6,52,33,9,19,9,469,33,70,56,47,23,280,55,52,391,662,417,1,6,106,407,13,117
2017,경북,89049,8690,110,11642,1612,223,2731,51,49,79,1069,5845,3116,712,265,11,77,37,1,45,3,605,23,88,87,24,12,617,33,84,588,775,572,6,6,103,596,36,89
2017,경남,127294,12483,105,17845,2751,336,3509,67,76,86,1563,9681,4952,982,335,14,81,49,3,45,9,974,325,117,96,56,39,647,23,146,857,1295,760,7,14,130,1254,42,227
2017,제주,34177,3229,3,3360,658,63,1224,21,35,15,469,2590,1072,333,65,1,25,13,3,21,,1048,10,22,42,20,7,141,17,55,121,596,468,,3,22,364,14,42
2018,서울,341288,39306,194,57121,16659,1536,10913,150,145,292,9388,35525,5639,3220,945,49,259,160,18,457,90,3368,134,412,585,193,80,831,45,604,2109,5722,2931,27,208,100,2584,69,852
2018,부산,126230,14464,291,23114,3740,376,3551,55,87,108,2012,10802,4074,1158,458,12,98,29,11,47,14,1048,31,117,148,92,18,1256,6,164,934,1560,881,8,9,40,876,52,238
2018,대구,79489,8204,45,12431,2307,190,2719,33,48,69,1276,7009,2725,761,206,5,67,27,3,44,54,806,26,60,64,37,8,252,3,90,518,924,533,2,4,25,576,26,222
2018,인천,94605,9483,65,15666,3468,295,3578,44,37,77,2154,12119,2044,1111,391,16,138,71,10,96,14,715,30,52,56,23,9,276,13,190,814,2242,665,2,12,45,622,13,146
2018,광주,51223,4927,27,7923,1605,161,1443,24,28,34,891,5153,1184,395,130,4,50,23,16,36,,540,22,139,85,25,11,146,6,77,465,623,320,2,13,30,251,13,143
2018,대전,48184,5596,26,8186,1414,105,1510,17,51,43,1143,5857,1102,621,165,2,43,19,,57,2,446,18,39,51,22,7,144,1,134,507,551,372,2,8,13,363,18,136
2018,울산,25323,2310,5,4057,486,56,856,7,16,22,306,2564,805,192,53,2,16,9,,5,6,145,3,13,14,6,2,77,,29,168,289,150,3,,25,178,14,27
2018,세종,5331,588,,1052,216,5,176,5,5,4,125,310,141,68,11,,2,4,,3,,38,1,16,6,1,,14,1,9,56,49,51,1,,8,40,,3
2018,경기,429953,41207,172,65076,15041,1155,15186,209,170,361,7165,42805,8483,4991,1110,53,376,173,27,286,40,2878,240,237,355,145,65,1199,90,778,3128,6086,3337,36,24,355,2276,65,658
2018,강원,52495,4315,9,6983,1083,139,1890,27,17,41,852,4655,1903,517,103,5,35,44,9,28,3,384,14,45,47,16,10,196,20,62,470,663,571,1,11,100,446,27,111
2018,충북,53659,5432,10,8464,1242,152,1900,32,33,49,822,4077,1558,543,122,7,61,13,16,23,8,487,6,41,27,23,8,142,16,57,517,560,423,6,6,71,356,21,99
2018,충남,75405,8015,13,11600,1779,224,2444,36,41,92,1081,5458,2319,746,213,9,76,41,,37,2,575,22,46,31,31,2,255,18,102,803,691,531,4,11,90,449,18,122
2018,전북,56353,5689,13,9383,1091,177,1546,39,28,49,826,4823,1754,508,122,5,47,35,40,15,1,859,47,61,70,29,12,209,41,54,604,413,384,5,3,66,253,12,126
2018,전남,65932,5065,11,8361,1991,557,1943,35,29,45,894,5376,2022,734,152,7,58,31,2,17,1,427,103,53,79,44,12,250,34,52,502,685,495,5,3,197,349,24,109
2018,경북,85371,7681,17,14275,1557,193,2671,49,36,65,1132,5882,2789,711,251,7,55,35,2,28,1,498,8,109,101,21,4,331,43,77,745,783,545,5,8,121,522,16,89
2018,경남,117243,12188,64,20428,2781,392,3411,71,60,106,1544,9394,4166,1121,311,13,89,40,9,16,8,886,501,89,82,39,24,401,29,118,992,1265,794,3,12,99,895,39,217
2018,제주,30106,2988,3,4446,712,75,1251,16,10,21,493,2691,958,380,80,3,24,15,1,8,2,777,3,29,34,10,,95,8,52,150,523,718,,,44,333,3,37
2019,서울,340504,42362,164,61178,17648,1489,10723,160,157,252,9370,34070,5079,3950,1138,64,254,163,27,443,85,3468,125,325,595,174,63,1087,124,741,1670,5416,3838,33,152,82,2648,65,746
2019,부산,128725,14628,236,27083,4036,478,3846,69,86,97,2065,11263,3748,1504,420,16,64,40,17,29,15,1132,29,141,130,50,16,863,2,190,805,1621,1066,16,8,50,906,29,237
2019,대구,82905,9272,18,15389,2746,229,2800,42,36,61,1290,7007,2441,955,191,2,85,41,4,22,12,773,22,34,38,21,8,451,4,127,488,954,680,4,3,31,569,38,183
2019,인천,101289,10149,186,16958,4319,262,3480,51,60,72,2093,12592,1814,1319,425,12,215,52,2,127,13,944,43,121,197,21,15,509,,246,817,1487,919,9,17,52,1239,28,156
2019,광주,52827,5018,9,9079,1888,233,1529,22,30,42,855,5351,1153,593,147,4,65,18,5,12,5,604,23,98,72,21,9,215,4,70,381,755,381,3,9,22,215,13,100
2019,대전,47929,5905,15,9583,1336,132,1491,23,25,48,1027,4872,1052,684,168,5,44,18,,23,3,472,9,36,38,16,7,124,1,104,432,543,442,5,5,14,323,15,101
2019,울산,25814,2181,8,4411,457,70,818,17,14,14,335,2001,764,270,54,1,21,11,1,4,1,162,5,6,14,5,1,144,2,42,161,295,197,2,2,21,152,6,10
2019,세종,6300,850,3,1359,282,20,221,3,,2,98,381,158,97,15,1,1,1,1,4,1,46,3,15,14,2,,17,7,7,71,54,53,1,,7,54,,5
2019,경기,433498,42015,115,75697,15400,1051,15556,170,187,294,7054,43012,7669,5901,1318,85,369,227,42,218,45,2932,99,121,183,69,28,1943,54,837,2766,6064,4070,35,23,334,2336,48,475
2019,강원,53289,4686,20,8340,1175,144,1837,23,26,42,852,3998,1778,657,175,11,53,45,2,17,2,460,20,59,83,20,10,365,19,61,401,680,667,1,8,107,416,24,102
2019,충북,53801,5964,16,9472,1247,152,1917,32,36,55,827,3917,1468,725,179,8,58,12,13,11,2,538,27,38,32,21,6,194,12,72,473,563,525,2,2,69,303,8,68
2019,충남,73817,8253,18,12212,1973,249,2537,46,32,76,1053,4684,2102,818,196,9,59,30,4,42,4,584,25,49,29,13,2,316,13,77,737,790,719,3,4,149,447,20,116
2019,전북,58012,5839,5,9892,1223,153,1495,43,28,52,940,4912,1532,553,196,5,45,37,44,13,2,557,15,67,82,29,8,337,20,66,564,473,516,4,3,63,300,8,101
2019,전남,68566,5740,9,8345,1479,640,2186,28,27,63,881,5240,1957,864,162,11,48,46,,9,1,533,53,77,85,25,3,264,39,64,439,712,602,1,5,119,413,16,148
2019,경북,88098,8857,13,16205,1835,185,2992,39,27,85,1184,6498,2725,1006,304,6,80,50,3,21,2,585,27,70,72,18,5,452,29,92,708,815,777,1,8,114,533,23,119
2019,경남,123992,12674,84,23797,2983,412,3739,58,53,61,1596,9688,4036,1302,387,15,98,43,3,26,5,999,36,86,82,31,7,701,22,140,928,1359,1004,5,9,119,924,22,177
2019,제주,28318,3236,6,4593,792,97,1301,21,21,29,509,2429,830,450,99,5,32,19,1,5,2,193,2,22,38,4,2,104,13,60,196,526,725,3,2,29,278,1,43
